28
1 1
2 1
3 1
4 1
5 1
6 1
7 1
8 1
9 1
10 1
11 1
12 1
13 1
14 1
15 1
16 3
17 2
18 2
93 0
99 0
122 0
154 0
173 0
179 0
239 0
258 0
347 0
376 0
46
1 17 1.02467
2 17 -1.8936
4 17 -0.506381
5 17 -2.87184
6 17 3.72567
7 17 4.74395
8 17 -4.35797
9 17 2.08914
11 17 1.39981
13 17 -2.65073
15 17 -1.4982
16 17 -0.685581
122 17 -1.56458
179 17 2.35738
347 17 1.66559
376 17 -0.793975
1 18 -3.11749
3 18 -3.55162
4 18 -0.785522
5 18 -0.701885
6 18 8
7 18 -1.99546
8 18 -0.882968
12 18 0.066715
13 18 -0.348223
14 18 1.54601
15 18 0.479057
16 18 4.52753
99 18 0.406299
173 18 -1.87106
258 18 0.516376
2 93 -1.80429
122 93 0.497927
4 99 0.796452
11 99 -1.1822
154 99 0.631839
239 99 -5.29464
6 122 -1.6476
5 122 0.338105
3 154 0.710568
93 173 -1.06457
8 179 -5.52374
3 239 1.58191
11 258 -3.62614
12 347 6.16393
14 376 1
