20
1 1
2 1
3 1
4 1
5 1
6 1
7 1
8 1
9 1
10 1
11 1
12 1
13 1
14 1
15 1
16 1
17 2
18 2
19 2
20 2
63
1 17 -0.848967
2 17 -0.148122
3 17 0.230785
4 17 0.894224
5 17 0.316561
6 17 0.273396
7 17 0.581838
8 17 0.291262
9 17 -0.834615
10 17 -0.0643808
11 17 0.339034
12 17 0.541792
13 17 0.73052
14 17 0.0275938
15 17 0.663596
16 17 0.180947
1 18 0.31943
2 18 0.46284
3 18 0.639244
4 18 0.05617
5 18 -1.19012
6 18 -0.90298
7 18 -0.351148
8 18 -0.192906
9 18 -0.385755
10 18 -0.371142
11 18 -0.0319718
12 18 0.34144
13 18 0.882621
14 18 1.01936
15 18 -0.0132655
16 18 0.192758
1 19 -0.190736
2 19 0.199406
3 19 -0.156333
4 19 -0.664575
5 19 0.179539
6 19 -0.603392
7 19 0.12537
8 19 0.242209
9 19 -0.140248
10 19 0.211103
11 19 0.380042
12 19 -0.282727
13 19 0.121677
14 19 -0.297333
15 19 0.068221
16 19 0.232925
1 20 -0.405028
2 20 0.963546
3 20 0.00571902
4 20 0.301098
5 20 0.608592
6 20 0.435248
7 20 -0.756612
8 20 0.318364
9 20 -0.0104407
10 20 0.48124
11 20 -0.536926
12 20 1.0419
13 20 0.307556
15 20 0.405681
16 20 0.277359
