20
1 1
2 1
3 1
4 1
5 1
6 1
7 1
8 1
9 1
10 1
11 1
12 1
13 1
14 1
15 1
16 1
17 2
18 2
19 2
20 2
34
1 17 -0.798151
2 17 -0.581804
3 17 0.739598
4 17 0.44106
5 17 0.635168
6 17 -0.602568
7 17 -0.901029
8 17 0.509391
9 17 0.413834
10 17 0.0865478
11 17 -0.841644
12 17 -0.457615
13 17 -0.609777
14 17 0.705221
15 17 0.150487
16 17 0.892818
1 18 -0.0944407
2 18 0.513501
3 18 -0.690895
4 18 -0.772426
5 18 -0.978185
6 18 0.136437
7 18 0.429957
8 18 -0.982576
9 18 0.817953
10 18 0.526307
11 18 -0.573962
12 18 0.553925
13 18 -0.169518
14 18 -0.667652
15 18 -0.758321
16 18 -0.653796
16 19 0.111111
14 20 -0.723412
