18
1 1
2 1
3 1
4 1
5 1
6 1
7 1
8 1
9 1
10 1
11 1
12 1
13 1
14 1
15 1
16 3
17 2
18 2
32
1 17 -0.0374391
2 17 0.244483
3 17 0.883329
4 17 -0.649613
5 17 -0.0484984
6 17 -0.126796
7 17 0.403165
8 17 -0.224664
9 17 -0.375555
10 17 -0.878162
11 17 0.211993
12 17 -0.0510165
13 17 0.767604
14 17 0.757528
15 17 -0.627993
16 17 0.905243
1 18 0.57408
2 18 0.850183
3 18 -0.980047
4 18 0.879787
5 18 0.439408
6 18 0.887699
7 18 0.276428
8 18 -0.453679
9 18 -0.322278
10 18 0.375269
11 18 0.194103
12 18 -0.116441
13 18 -0.0701542
14 18 -0.903971
15 18 0.946671
16 18 -0.307112
