18
1 1
2 1
3 1
4 1
5 1
6 1
7 1
8 1
9 1
10 1
11 1
12 1
13 1
14 1
15 1
16 3
17 2
18 2
32
1 17 -0.786947
2 17 -1.27677
3 17 3.66686
4 17 2.14694
5 17 -4.28229
6 17 -3.62577
7 17 -1.15756
8 17 -0.797899
9 17 -4.97173
10 17 0.779472
11 17 -5.00276
12 17 -0.454333
13 17 -0.418515
14 17 4.35283
15 17 -0.572023
16 17 0.641137
1 18 2.90391
2 18 -2.33493
3 18 -2.32771
4 18 0.71831
5 18 1.05321
6 18 -6.39317
7 18 1.69752
8 18 2.84299
9 18 3.58354
10 18 3.1677
11 18 1.90997
12 18 -0.460922
13 18 -0.558006
14 18 0.0159356
15 18 0.960499
16 18 -1.42529
