20
1 1
2 1
3 1
4 1
5 1
6 1
7 1
8 1
9 1
10 1
11 1
12 1
13 1
14 1
15 1
16 3
17 2
18 2
24 0
30 0
34
1 17 0.609476
2 17 4.82447
3 17 -4.07227
4 17 0.03892
5 17 -4.72932
6 17 -1.41546
8 17 0.071429
9 17 -7.77305
10 17 0.149788
11 17 -3.13787
12 17 -2.22253
13 17 -0.589305
14 17 0.148824
15 17 2.42339
16 17 0.53902
30 17 1.97314
1 18 -2.37956
2 18 -0.71351
3 18 3.19383
4 18 -0.00145781
5 18 -6.08268
6 18 0.336686
7 18 5.21123
8 18 2.96122
9 18 -2.26111
10 18 1.05984
12 18 2.12456
13 18 -4.949
14 18 -0.564863
15 18 -0.635622
16 18 1.9986
24 18 2.19721
11 24 -0.429275
7 30 1.0981
